147
1559
1105
1660
337
232
886
536
535
1471
1462
244
1510
532
1154
1705
117
1812
513
187
284
781
763
1569
796
1214
276
896
106
424
577
113
482
843
450
777
1151
676
1039
442
1149
707
628
1051
975
1030
407
239
1724
1075
1231
211
702
246
1485
1716
1995
1526
225
839
1238
812
82
1805
586
1372
1729
45
521
506
1400
304
1063
1687
1766
61
224
1627
437
1887
686
848
1893
1768
1407
659
1032
1464
1684
145
36
87
749
1653
92
1746
214
1512
1382
1579
1858
1874
1746
93
1262
937
1242
470
728
1151
232
1726
1532
1708
1767
710
862
841
786
1392
1329
1507
1759
1136
1485
337
1141
413
622
172
1218
908
437
1053
1828
471
992
1986
1653
203
59
739
982
485
1215
1221
535
590
906
1334
1473
1269
246
41
1916
257
1710
1312
1692
96
800
287
1862
853
601
1894
864
1076
158
1019
234
1745
1469
921
1809
817
741
1848
100
725
1979
23
1354
1124
1898
616
1713
1901
1044
618
1004
1865
716
55
1195
1500
1394
1601
753
1701
1395
64
417
725
730
791
650
135
1149
1772
917
381
271
208
563
78
26
1109
102
1583
1537
836
1679
1656
1425
1934
1019
1738
746
1231
918
958
1167
932
362
711
436
1048
1153
1382
1014
1068
703
1614
1787
1352
589
1522
0
1698
1924
363
754
55
702
1670
1341
1284
1340
1265
97
45
1475
1573
239
1913
1381
1178
1333
1756
1124
992
1155
1534
1366
1122
1144
719
1647
1975
1696
891
744
690
1001
1863
461
718
592
1467
488
1862
359
1485
1789
1684
444
1070
1582
1599
252
990
1920
1474
1941
183
1303
1499
636
1472
484
1109
1253
296
993
1301
1132
1895
1565
287
1778
149
742
1018
845
1789
1059
1339
619
390
930
1956
579
966
1599
1509
951
1712
1009
1752
984
799
1294
729
842
557
666
907
787
326
15
1735
776
595
294
27
86
1090
368
1600
904
819
1439
866
469
1542
1968
1027
1766
1356
1440
1111
1243
1158
210
1409
1094
1918
348
797
244
313
408
752
999
1370
391
1241
1632
209
749
1112
1136
76
1637
677
1184
1912
1420
1701
1431
470
975
1964
837
926
752
429
281
812
1780
1700
1680
1321
1931
833
695
1449
991
265
722
1163
937
378
362
1675
275
37
1613
723
392
1317
309
1881
872
425
1658
678
711
768
856
1547
706
1059
1669
884
1564
1300
1543
1114
143
519
1530
534
60
1516
1786
45
848
1743
1391
170
1371
214
1297
1330
1791
1565
702
473
767
1652
101
1469
82
763
1544
1280
675
674
363
605
441
770
225
154
1773
1430
1640
24
1216
1555
565
1277
1756
145
1582
1679
331
1710
1041
954
335
1326
1393
1157
1677
1427
816
1217
1168
997
27
1060
871
778
1960
1526
1288
938
1329
1115
1989
1087
198
1574
582
1554
983
16
1040
690
414
750
1769
768
284
231
60
1012
385
824
440
1338
659
1762
1510
1514
1184
409
626
1834
635
1202
171
1431
1086
1776
102
91
206
740
1309
1854
8
735
980
571
31
488
482
273
61
132
481
720
1545
1736
1026
1282
1143
634
210
590
1432
1156
1261
194
1732
1314
1641
1983
1580
1102
122
1493
1002
257
96
1159
66
835
822
150
1928
1659
1325
351
574
716
1384
34
1269
928
1697
1969
11
1646
718
1194
513
841
1753
1238
171
895
947
1390
860
1824
483
871
1890
152
242
1301
905
543
255
1528
930
99
859
115
497
9
1480
705
1743
642
1583
387
1799
1915
714
897
372
761
788
130
1578
287
243
217
1056
820
1167
1573
655
991
1287
1781
1079
1426
507
31
583
1367
767
1502
1705
1106
1293
1505
1671
910
931
1879
492
582
975
1750
1252
800
337
1041
195
202
706
1996
1247
48
624
862
830
597
341
411
218
837
741
100
217
531
581
141
368
1100
659
1444
475
1295
350
245
551
901
1075
1283
1629
1078
144
23
1426
577
172
1900
664
1392
846
478
1200
1163
563
1522
202
1596
1993
985
1773
227
1743
1317
1616
211
1933
114
117
133
717
1456
1314
583
49
878
1238
941
1544
565
1378
469
20
1253
320
673
378
87
519
14
79
1305
266
884
329
1079
1643
454
1112
588
313
103
152
1212
124
882
192
674
822
576
1007
871
1049
1531
1979
13
1347
438
36
206
525
1542
506
1465
1131
509
750
1965
1673
262
1769
1173
1974
1572
944
1522
51
1266
1261
929
822
1395
1712
800
1156
673
1751
1502
1893
1538
439
85
643
233
1072
1528
457
292
1183
557
1009
1354
1801
1975
1948
1822
357
121
1084
227
183
1927
1471
1787
1442
1534
887
324
1221
435
1810
589
171
1809
1990
275
694
1999
1715
1555
1956
372
1158
138
1782
1717
37
1630
601
1219
772
326
1309
1212
521
1357
332
1877
1319
513
342
261
1545
530
1282
802
934
553
1921
34
1803
573
394
1647
283
1398
773
1396
1789
916
326
724
1542
1094
1646
676
172
1654
112
1993
820
1559
295
848
1851
1015
1228
1501
1111
1316
1005
1067
341
771
1164
292
759
973
1366
1382
1939
1140
502
386
358
696
501
500
574
596
299
217
1907
810
1917
809
1186
550
892
1151
207
1104
93
1319
1906
1120
1155
1598
287
57
1464
1775
1426
1001
280
1603
989
1287
572
636
620
944
1946
1343
263
151
619
21
1955
1861
1844
1768
147
1559
1105
1660
337
232
886
536
535
1471
1462
244
1510
532
1154
1705
117
1812
513
187
284
781
763
1569
796
1214
276
896
106
424
577
113
482
843
450
777
1151
676
1039
442
1149
707
628
1051
975
1030
407
239
1724
1075
1231
211
702
246
1485
1716
1995
1526
225
839
1238
812
82
1805
586
1372
1729
45
521
506
1400
304
1063
1687
1766
61
224
1627
437
1887
686
848
1893
1768
1407
659
1032
1464
1684
145
36
87
749
1653
92
1746
214
1512
1382
1579
1858
1874
1746
93
1262
937
1242
470
728
1151
232
1726
1532
1708
1767
710
862
841
786
1392
1329
1507
1759
1136
1485
337
1141
413
622
172
1218
908
437
1053
1828
471
992
1986
1653
203
59
739
982
485
1215
1221
535
590
906
1334
1473
1269
246
41
1916
257
1710
1312
1692
96
800
287
1862
853
601
1894
864
1076
158
1019
234
1745
1469
921
1809
817
741
1848
100
725
1979
23
1354
1124
1898
616
1713
1901
1044
618
1004
1865
716
55
1195
1500
1394
1601
753
1701
1395
64
417
725
730
791
650
135
1149
1772
917
381
271
208
563
78
26
1109
102
1583
1537
836
1679
1656
1425
1934
1019
1738
746
1231
918
958
1167
932
362
711
436
1048
1153
1382
1014
1068
703
1614
1787
1352
589
1522
0
1698
1924
363
754
55
702
1670
1341
1284
1340
1265
97
45
1475
1573
239
1913
1381
1178
1333
1756
1124
992
1155
1534
1366
1122
1144
719
1647
1975
1696
891
744
690
1001
1863
461
718
592
1467
488
1862
359
1485
1789
1684
444
1070
1582
1599
252
990
1920
1474
1941
183
1303
1499
636
1472
484
1109
1253
296
993
1301
1132
1895
1565
287
1778
149
742
1018
845
1789
1059
1339
619
390
930
1956
579
966
1599
1509
951
1712
1009
1752
984
799
1294
729
842
557
666
907
787
326
15
1735
776
595
294
27
86
1090
368
1600
904
819
1439
866
469
1542
1968
1027
1766
1356
1440
1111
1243
1158
210
1409
1094
1918
348
797
244
313
408
752
999
1370
391
1241
1632
209
749
1112
1136
76
1637
677
1184
1912
1420
1701
1431
470
975
1964
837
926
752
429
281
812
1780
1700
1680
1321
1931
833
695
1449
991
265
722
1163
937
378
362
1675
275
37
1613
723
392
1317
309
1881
872
425
1658
678
711
768
856
1547
706
1059
1669
884
1564
1300
1543
1114
143
519
1530
534
60
1516
1786
45
848
1743
1391
170
1371
214
1297
1330
1791
1565
702
473
767
1652
101
1469
82
763
1544
1280
675
674
363
605
441
770
225
154
1773
1430
1640
24
1216
1555
565
1277
1756
145
1582
1679
331
1710
1041
954
335
1326
1393
1157
1677
1427
816
1217
1168
997
27
1060
871
778
1960
1526
1288
938
1329
1115
1989
1087
198
1574
582
1554
983
16
1040
690
414
750
1769
768
284
231
60
1012
385
824
440
1338
659
1762
1510
1514
1184
409
626
1834
635
1202
171
1431
1086
1776
102
91
206
740
1309
1854
8
735
980
571
31
488
482
273
61
132
481
720
1545
1736
1026
1282
1143
634
210
590
1432
1156
1261
194
1732
1314
1641
1983
1580
1102
122
1493
1002
257
96
1159
66
835
822
150
1928
1659
1325
351
574
716
1384
34
1269
928
1697
1969
11
1646
718
1194
513
841
1753
1238
171
895
947
1390
860
1824
483
871
1890
152
242
1301
905
543
255
1528
930
99
859
115
497
9
1480
705
1743
642
1583
387
1799
1915
714
897
372
761
788
130
1578
287
243
217
1056
820
1167
1573
655
991
1287
1781
1079
1426
507
31
583
1367
767
1502
1705
1106
1293
1505
1671
910
931
1879
492
582
975
1750
1252
800
337
1041
195
202
706
1996
1247
48
624
862
830
597
341
411
218
837
741
100
217
531
581
141
368
1100
659
1444
475
1295
350
245
551
901
1075
1283
1629
1078
144
23
1426
577
172
1900
664
1392
846
478
1200
1163
563
1522
202
1596
1993
985
1773
227
1743
1317
1616
211
1933
114
117
133
717
1456
1314
583
49
878
1238
941
1544
565
1378
469
20
1253
320
673
378
87
519
14
79
1305
266
884
329
1079
1643
454
1112
588
313
103
152
1212
124
882
192
674
822
576
1007
871
1049
1531
1979
13
1347
438
36
206
525
1542
506
1465
1131
509
750
1965
1673
262
1769
1173
1974
1572
944
1522
51
1266
1261
929
822
1395
1712
800
1156
673
1751
1502
1893
1538
439
85
643
233
1072
1528
457
292
1183
557
1009
1354
1801
1975
1948
1822
357
121
1084
227
183
1927
1471
1787
1442
1534
887
324
1221
435
1810
589
171
1809
1990
275
694
1999
1715
1555
1956
372
1158
138
1782
1717
37
1630
601
1219
772
326
1309
1212
521
1357
332
1877
1319
513
342
261
1545
530
1282
802
934
553
1921
34
1803
573
394
1647
283
1398
773
1396
1789
916
326
724
1542
1094
1646
676
172
1654
112
1993
820
1559
295
848
1851
1015
1228
1501
1111
1316
1005
1067
341
771
1164
292
759
973
1366
1382
1939
1140
502
386
358
696
501
500
574
596
299
217
1907
810
1917
809
1186
550
892
1151
207
1104
93
1319
1906
1120
1155
1598
287
57
1464
1775
1426
1001
280
1603
989
1287
572
636
620
944
1946
1343
263
151
619
21
1955
1861
1844
1768